Character to attribute mapping:
  H: ?
  A: Africa
  B: Asia
  C: Europe
  D: Netherlands
  E: NorthAmerica
  F: Oceania
  G: SouthAmerica


Substitution rate (mu): 1.201436

Equilibrium frequencies (pi_i):
  A: 0.0391
  B: 0.0521
  C: 0.2347
  D: 0.4099
  E: 0.1207
  F: 0.0494
  G: 0.0941

Symmetrized rates from j->i (W_ij):
	A	B	C	D	E	F	G
  A	0	3.4505	1.9041	1.1984	0.6646	0.6395	1.0166
  B	3.4505	0	2.5821	0.886	1.5298	0.8886	0.3454
  C	1.9041	2.5821	0	2.6799	0.4235	0.2572	0.9581
  D	1.1984	0.886	2.6799	0	0.5326	0.2414	1.0299
  E	0.6646	1.5298	0.4235	0.5326	0	0.579	1.0139
  F	0.6395	0.8886	0.2572	0.2414	0.579	0	0.9046
  G	1.0166	0.3454	0.9581	1.0299	1.0139	0.9046	0

Actual rates from j->i (Q_ij):
	A	B	C	D	E	F	G
  A	0	0.1349	0.0744	0.0468	0.026	0.025	0.0397
  B	0.1797	0	0.1345	0.0462	0.0797	0.0463	0.018
  C	0.4469	0.606	0	0.629	0.0994	0.0604	0.2249
  D	0.4912	0.3632	1.0985	0	0.2183	0.099	0.4222
  E	0.0802	0.1846	0.0511	0.0643	0	0.0699	0.1224
  F	0.0316	0.0439	0.0127	0.0119	0.0286	0	0.0447
  G	0.0957	0.0325	0.0902	0.0969	0.0954	0.0851	0

