Character to attribute mapping:
  H: ?
  A: Africa
  B: Asia
  C: Europe
  D: Netherlands
  E: NorthAmerica
  F: Oceania
  G: SouthAmerica


Substitution rate (mu): 0.953248

Equilibrium frequencies (pi_i):
  A: 0.0649
  B: 0.1501
  C: 0.2701
  D: 0.1709
  E: 0.1179
  F: 0.0675
  G: 0.1585

Symmetrized rates from j->i (W_ij):
	A	B	C	D	E	F	G
  A	0	1.0719	0.9347	0.8694	0.8399	1.2179	0.3119
  B	1.0719	0	0.5573	0.5483	0.57	1.0592	1.0355
  C	0.9347	0.5573	0	2.1059	2.1358	0.9134	2.1724
  D	0.8694	0.5483	2.1059	0	0.4086	0.85	0.7213
  E	0.8399	0.57	2.1358	0.4086	0	0.7775	2.1993
  F	1.2179	1.0592	0.9134	0.85	0.7775	0	0.6193
  G	0.3119	1.0355	2.1724	0.7213	2.1993	0.6193	0

Actual rates from j->i (Q_ij):
	A	B	C	D	E	F	G
  A	0	0.0696	0.0607	0.0564	0.0545	0.0791	0.0202
  B	0.1609	0	0.0837	0.0823	0.0856	0.159	0.1555
  C	0.2524	0.1505	0	0.5687	0.5768	0.2467	0.5867
  D	0.1486	0.0937	0.36	0	0.0698	0.1453	0.1233
  E	0.099	0.0672	0.2519	0.0482	0	0.0917	0.2594
  F	0.0822	0.0715	0.0617	0.0574	0.0525	0	0.0418
  G	0.0494	0.1641	0.3444	0.1143	0.3486	0.0982	0

