Character to attribute mapping:
  H: ?
  A: Africa
  B: Asia
  C: Europe
  D: Netherlands
  E: NorthAmerica
  F: Oceania
  G: SouthAmerica


Substitution rate (mu): 0.476783

Equilibrium frequencies (pi_i):
  A: 0.1304
  B: 0.0485
  C: 0.0776
  D: 0.5858
  E: 0.0257
  F: 0.0644
  G: 0.0676

Symmetrized rates from j->i (W_ij):
	A	B	C	D	E	F	G
  A	0	2.3681	1.9198	0.2483	5.5501	2.3376	1.1753
  B	2.3681	0	17.677	1.8939	5.0962	2.1683	1.2792
  C	1.9198	17.677	0	3.0899	9.101	0.9029	4.4707
  D	0.2483	1.8939	3.0899	0	1.7747	0.1585	0.5483
  E	5.5501	5.0962	9.101	1.7747	0	2.9364	4.3677
  F	2.3376	2.1683	0.9029	0.1585	2.9364	0	1.5962
  G	1.1753	1.2792	4.4707	0.5483	4.3677	1.5962	0

Actual rates from j->i (Q_ij):
	A	B	C	D	E	F	G
  A	0	0.3087	0.2503	0.0324	0.7236	0.3048	0.1532
  B	0.1148	0	0.8571	0.0918	0.2471	0.1051	0.062
  C	0.149	1.3724	0	0.2399	0.7066	0.0701	0.3471
  D	0.1455	1.1095	1.8102	0	1.0397	0.0928	0.3212
  E	0.1425	0.1308	0.2337	0.0456	0	0.0754	0.1121
  F	0.1505	0.1396	0.0581	0.0102	0.189	0	0.1028
  G	0.0795	0.0865	0.3023	0.0371	0.2953	0.1079	0

