Character to attribute mapping:
  H: ?
  A: Africa
  B: Asia
  C: Europe
  D: Netherlands
  E: NorthAmerica
  F: Oceania
  G: SouthAmerica


Substitution rate (mu): 1.416372

Equilibrium frequencies (pi_i):
  A: 0.1001
  B: 0.198
  C: 0.2184
  D: 0.0916
  E: 0.166
  F: 0.124
  G: 0.1018

Symmetrized rates from j->i (W_ij):
	A	B	C	D	E	F	G
  A	0	1.7711	3.6496	1.0601	0.8071	0.4256	0.3314
  B	1.7711	0	2.0548	0.6981	1.3155	1.5752	0.476
  C	3.6496	2.0548	0	1.9542	0.7701	0.6048	0.3656
  D	1.0601	0.6981	1.9542	0	0.63	0.865	1.1276
  E	0.8071	1.3155	0.7701	0.63	0	0.5968	0.9609
  F	0.4256	1.5752	0.6048	0.865	0.5968	0	0.8112
  G	0.3314	0.476	0.3656	1.1276	0.9609	0.8112	0

Actual rates from j->i (Q_ij):
	A	B	C	D	E	F	G
  A	0	0.1773	0.3654	0.1061	0.0808	0.0426	0.0332
  B	0.3507	0	0.4069	0.1382	0.2605	0.3119	0.0943
  C	0.7971	0.4488	0	0.4268	0.1682	0.1321	0.0798
  D	0.0971	0.0639	0.1789	0	0.0577	0.0792	0.1032
  E	0.134	0.2184	0.1278	0.1046	0	0.0991	0.1595
  F	0.0528	0.1954	0.075	0.1073	0.074	0	0.1006
  G	0.0338	0.0485	0.0372	0.1148	0.0979	0.0826	0

