Character to attribute mapping:
  H: ?
  A: Africa
  B: Asia
  C: Europe
  D: Netherlands
  E: NorthAmerica
  F: Oceania
  G: SouthAmerica


Substitution rate (mu): 0.620993

Equilibrium frequencies (pi_i):
  A: 0.0422
  B: 0.0433
  C: 0.1141
  D: 0.6471
  E: 0.0484
  F: 0.0408
  G: 0.0642

Symmetrized rates from j->i (W_ij):
	A	B	C	D	E	F	G
  A	0	3.574	3.7174	0.7504	11.139	2.2613	1.1796
  B	3.574	0	12.7731	1.4919	8.6599	2.9611	2.9743
  C	3.7174	12.7731	0	2.1459	4.7989	1.1828	2.8687
  D	0.7504	1.4919	2.1459	0	1.1783	0.4251	0.3937
  E	11.139	8.6599	4.7989	1.1783	0	1.2072	2.1105
  F	2.2613	2.9611	1.1828	0.4251	1.2072	0	1.5193
  G	1.1796	2.9743	2.8687	0.3937	2.1105	1.5193	0

Actual rates from j->i (Q_ij):
	A	B	C	D	E	F	G
  A	0	0.1507	0.1568	0.0317	0.4698	0.0954	0.0498
  B	0.1547	0	0.5529	0.0646	0.3748	0.1282	0.1287
  C	0.4241	1.4573	0	0.2448	0.5475	0.1349	0.3273
  D	0.4856	0.9654	1.3886	0	0.7625	0.2751	0.2547
  E	0.5389	0.419	0.2322	0.057	0	0.0584	0.1021
  F	0.0922	0.1207	0.0482	0.0173	0.0492	0	0.0619
  G	0.0758	0.191	0.1842	0.0253	0.1355	0.0976	0

