Character to attribute mapping:
  H: ?
  A: Africa
  B: Asia
  C: Europe
  D: Netherlands
  E: NorthAmerica
  F: Oceania
  G: SouthAmerica


Substitution rate (mu): 1.385144

Equilibrium frequencies (pi_i):
  A: 0.1305
  B: 0.1105
  C: 0.2192
  D: 0.1742
  E: 0.1503
  F: 0.1204
  G: 0.0948

Symmetrized rates from j->i (W_ij):
	A	B	C	D	E	F	G
  A	0	1.9182	3.2981	0.7865	0.7868	0.6987	0.257
  B	1.9182	0	3.234	1.3192	0.9718	1.5461	0.537
  C	3.2981	3.234	0	1.171	0.8579	0.4684	0.4506
  D	0.7865	1.3192	1.171	0	0.9017	0.526	1.2574
  E	0.7868	0.9718	0.8579	0.9017	0	0.7239	0.79
  F	0.6987	1.5461	0.4684	0.526	0.7239	0	0.8673
  G	0.257	0.537	0.4506	1.2574	0.79	0.8673	0

Actual rates from j->i (Q_ij):
	A	B	C	D	E	F	G
  A	0	0.2504	0.4305	0.1026	0.1027	0.0912	0.0335
  B	0.212	0	0.3575	0.1458	0.1074	0.1709	0.0594
  C	0.7228	0.7088	0	0.2567	0.188	0.1027	0.0988
  D	0.137	0.2298	0.204	0	0.1571	0.0916	0.2191
  E	0.1183	0.1461	0.1289	0.1355	0	0.1088	0.1187
  F	0.0842	0.1862	0.0564	0.0633	0.0872	0	0.1045
  G	0.0244	0.0509	0.0427	0.1192	0.0749	0.0822	0

