Character to attribute mapping:
  H: ?
  A: Africa
  B: Asia
  C: Europe
  D: Netherlands
  E: NorthAmerica
  F: Oceania
  G: SouthAmerica


Substitution rate (mu): 0.799253

Equilibrium frequencies (pi_i):
  A: 0.077
  B: 0.1667
  C: 0.2358
  D: 0.1543
  E: 0.2045
  F: 0.0753
  G: 0.0865

Symmetrized rates from j->i (W_ij):
	A	B	C	D	E	F	G
  A	0	1.1795	0.6887	0.9582	0.746	1.4051	0.3327
  B	1.1795	0	0.5708	0.6213	0.4758	1.1752	1.2
  C	0.6887	0.5708	0	2.6779	1.687	0.4657	3.7487
  D	0.9582	0.6213	2.6779	0	0.3672	0.9599	1.1892
  E	0.746	0.4758	1.687	0.3672	0	0.7487	1.996
  F	1.4051	1.1752	0.4657	0.9599	0.7487	0	0.5061
  G	0.3327	1.2	3.7487	1.1892	1.996	0.5061	0

Actual rates from j->i (Q_ij):
	A	B	C	D	E	F	G
  A	0	0.0909	0.0531	0.0738	0.0575	0.1083	0.0256
  B	0.1966	0	0.0951	0.1035	0.0793	0.1959	0.2
  C	0.1624	0.1346	0	0.6314	0.3977	0.1098	0.8838
  D	0.1479	0.0959	0.4132	0	0.0567	0.1481	0.1835
  E	0.1525	0.0973	0.3449	0.0751	0	0.1531	0.4081
  F	0.1057	0.0884	0.035	0.0722	0.0563	0	0.0381
  G	0.0288	0.1038	0.3243	0.1029	0.1727	0.0438	0

