Character to attribute mapping:
  H: ?
  A: Africa
  B: Asia
  C: Europe
  D: Netherlands
  E: NorthAmerica
  F: Oceania
  G: SouthAmerica


Substitution rate (mu): 1.575259

Equilibrium frequencies (pi_i):
  A: 0.0426
  B: 0.0527
  C: 0.2358
  D: 0.3639
  E: 0.1184
  F: 0.0496
  G: 0.137

Symmetrized rates from j->i (W_ij):
	A	B	C	D	E	F	G
  A	0	2.4085	1.2535	0.8897	0.451	0.5323	0.489
  B	2.4085	0	2.8252	1.0362	1.9122	0.6148	0.3435
  C	1.2535	2.8252	0	2.9238	0.6197	0.1672	0.9448
  D	0.8897	1.0362	2.9238	0	0.7093	0.2332	0.6658
  E	0.451	1.9122	0.6197	0.7093	0	0.5305	0.8778
  F	0.5323	0.6148	0.1672	0.2332	0.5305	0	0.7263
  G	0.489	0.3435	0.9448	0.6658	0.8778	0.7263	0

Actual rates from j->i (Q_ij):
	A	B	C	D	E	F	G
  A	0	0.1027	0.0534	0.0379	0.0192	0.0227	0.0208
  B	0.127	0	0.149	0.0547	0.1009	0.0324	0.0181
  C	0.2956	0.6663	0	0.6895	0.1461	0.0394	0.2228
  D	0.3237	0.377	1.0638	0	0.2581	0.0849	0.2423
  E	0.0534	0.2263	0.0733	0.0839	0	0.0628	0.1039
  F	0.0264	0.0305	0.0083	0.0116	0.0263	0	0.036
  G	0.067	0.047	0.1294	0.0912	0.1202	0.0995	0

